0.722391 0.111832 -0.682381 0 0.691454 -0.126091 0.711332 0 -0.00649247 -0.985695 -0.168414 0 -0.00146 -0.02039 0.88597 1
0.706365 -0.00135612 -0.707847 0 0.707843 0.00527325 0.70635 0 0.00277476 -0.999985 0.00468476 0 7e-05 -0.16068 0.66516 1
0.706856 -0.0296261 -0.706736 0 0.707346 0.0239564 0.706462 0 -0.0039988 -0.999274 0.0378896 0 -0.00098 -0.34185 0.66226 1
0.712727 0.0069663 -0.701407 0 0.701407 -0.0170542 0.712557 0 -0.00699806 -0.99983 -0.0170412 0 -0.00163 -0.51137 0.65661 1
0.763209 0.202931 -0.613459 0 0.61462 0.0649659 0.786144 0 0.199387 -0.977035 -0.0751432 0 -0.17554 -0.59465 0.71585 1
0.704634 -0.181575 -0.685945 0 0.645941 -0.235968 0.726002 0 -0.293685 -0.954646 -0.0489847 0 0.19105 -0.55691 0.69282 1
0.820901 0.138108 -0.554118 0 0.570923 -0.220504 0.790838 0 -0.0129641 -0.965559 -0.259861 0 -0.03353 -0.59319 0.75074 1
0.693699 0.272976 -0.666532 0 0.714009 -0.138927 0.686214 0 0.0947206 -0.951937 -0.291281 0 -0.08169 -0.59093 0.75371 1
0.492259 0.0918569 -0.865589 0 0.851065 -0.259483 0.456462 0 -0.182676 -0.961369 -0.205909 0 0.08038 -0.58594 0.76324 1
0.339958 -0.326008 -0.882127 0 0.867846 -0.25262 0.427815 0 -0.362314 -0.91099 0.197044 0 0.21827 -0.55246 0.53371 1
