gripper_to_camera =

  -0.69273   0.71830   0.06458   0.03506
  -0.72082  -0.69247  -0.03001   0.01698
   0.02316  -0.06734   0.99746   0.11457
   0.00000   0.00000   0.00000   1.00000

Degrees: (X, Y, Z, R, P, Y): (0.035059, 0.016983, 0.114571, -3.862262, -1.327187, -133.861701)
Radiants: (X, Y, Z, R, P, Y): (0.035059, 0.016983, 0.114571, -0.067409, -0.023164, -2.336327)
gripper_to_camera =

  -0.69265   0.71839   0.06443   0.03508
  -0.72091  -0.69237  -0.03019   0.01698
   0.02292  -0.06736   0.99747   0.11458
   0.00000   0.00000   0.00000   1.00000

Degrees: (X, Y, Z, R, P, Y): (0.035080, 0.016976, 0.114579, -3.863138, -1.313518, -133.854646)
Radiants: (X, Y, Z, R, P, Y): (0.035080, 0.016976, 0.114579, -0.067424, -0.022925, -2.336204)
gripper_to_camera =

  -0.69264   0.71840   0.06443   0.03509
  -0.72092  -0.69236  -0.03022   0.01701
   0.02289  -0.06738   0.99746   0.11457
   0.00000   0.00000   0.00000   1.00000

Degrees: (X, Y, Z, R, P, Y): (0.035089, 0.017015, 0.114566, -3.864588, -1.311812, -133.853751)
Radiants: (X, Y, Z, R, P, Y): (0.035089, 0.017015, 0.114566, -0.067450, -0.022895, -2.336189)
gripper_to_camera =

  -0.69263   0.71840   0.06454   0.03502
  -0.72093  -0.69234  -0.03037   0.01705
   0.02287  -0.06757   0.99745   0.11451
   0.00000   0.00000   0.00000   1.00000

Degrees: (X, Y, Z, R, P, Y): (0.035021, 0.017051, 0.114512, -3.875213, -1.310364, -133.853048)
Radiants: (X, Y, Z, R, P, Y): (0.035021, 0.017051, 0.114512, -0.067635, -0.022870, -2.336176)
gripper_to_camera =

  -0.69264   0.71841   0.06441   0.03509
  -0.72093  -0.69235  -0.03034   0.01704
   0.02280  -0.06745   0.99746   0.11454
   0.00000   0.00000   0.00000   1.00000

Degrees: (X, Y, Z, R, P, Y): (0.035087, 0.017038, 0.114540, -3.868665, -1.306280, -133.853429)
Radiants: (X, Y, Z, R, P, Y): (0.035087, 0.017038, 0.114540, -0.067521, -0.022799, -2.336183)
