0.835316 0.17191 0.522201 0 -0.200309 0.97973 -0.00211458 0 -0.51198 -0.102835 0.85282 0 -0.0900189 -0.0186925 0.289436 1
0.996773 -0.0103876 0.0795955 0 0.00403248 0.996819 0.0795906 0 -0.0801691 -0.0790128 0.993645 0 -0.0869975 -0.0234559 0.784178 1
0.996208 -0.00674366 0.0867451 0 0.00508911 0.999801 0.0192807 0 -0.0868579 -0.0187661 0.996044 0 -0.0845209 -0.0339732 0.557137 1
0.996645 -0.0124862 0.0808853 0 0.00866393 0.998837 0.0474352 0 -0.0813835 -0.0465753 0.995594 0 -0.081773 -0.0387065 0.436591 1
0.957773 -0.0436991 -0.284186 0 0.074282 0.992436 0.0977415 0 0.277765 -0.114724 0.953774 0 -0.123933 -0.0183947 0.359373 1
0.975895 -0.00177988 -0.218232 0 0.0604225 0.963081 0.262344 0 0.209708 -0.269206 0.939974 0 -0.086716 -0.103811 0.301512 1
0.979234 -0.191689 0.0659968 0 0.160393 0.93163 0.326098 0 -0.123994 -0.308741 0.943029 0 -0.116227 -0.0274583 0.273812 1
0.997065 0.0128039 -0.075481 0 0.0137919 0.939746 0.341594 0 0.0753067 -0.341632 0.936812 0 -0.108361 -0.0635544 0.297014 1
0.942847 0.207927 0.260394 0 -0.278063 0.921557 0.270951 0 -0.18363 -0.327871 0.926704 0 -0.0684258 -0.0480756 0.274791 1
0.812984 0.310651 0.492497 0 -0.305827 0.94755 -0.0928428 0 -0.495507 -0.0751389 0.865348 0 -0.00764379 -0.0955051 0.310348 1
