0.513528 0.205856 -0.833014 0.000000 -0.613303 -0.590905 -0.524109 0.000000 -0.600123 0.780035 -0.177194 0.000000 0.480179 -1.272330 0.667217 1.000000
-0.769344 0.354340 -0.531558 0.000000 0.332818 -0.487919 -0.806950 0.000000 -0.545291 -0.797733 0.257446 0.000000 -0.427242 -0.117205 0.583389 1.000000
-0.335726 0.862025 0.379737 0.000000 0.591773 -0.120630 0.797027 0.000000 0.732866 0.492301 -0.469625 0.000000 -1.133344 -1.222339 -1.471352 1.000000
-0.766718 -0.640159 0.048374 0.000000 0.005813 -0.082270 -0.996593 0.000000 0.641957 -0.763825 0.066799 0.000000 -0.248932 -0.454441 0.653934 1.000000
-0.288660 0.785166 -0.547895 0.000000 0.085924 -0.548701 -0.831591 0.000000 -0.953568 -0.287125 0.090924 0.000000 0.789692 -1.094862 0.494822 1.000000
-0.171123 -0.897868 0.405647 0.000000 0.474319 0.285793 0.832673 0.000000 -0.863562 0.334896 0.376970 0.000000 0.453178 -0.762757 -1.819821 1.000000
-0.249167 0.840428 0.481246 0.000000 0.421253 -0.353395 0.835259 0.000000 0.872045 0.410845 -0.265979 0.000000 -1.030527 -1.730490 -1.658158 1.000000
-0.190729 0.973595 -0.125444 0.000000 0.097380 0.145925 0.984491 0.000000 0.976801 0.175555 -0.122641 0.000000 -0.900558 -1.860052 -1.362561 1.000000
0.544818 -0.751175 -0.372706 0.000000 -0.623255 -0.065388 -0.779280 0.000000 0.561005 0.656857 -0.503798 0.000000 -0.768398 -0.333032 0.710368 1.000000
-0.953754 0.292946 -0.067344 0.000000 -0.060186 -0.405619 -0.912059 0.000000 -0.294500 -0.865827 0.404492 0.000000 0.368540 -0.311201 0.150582 1.000000
-0.189146 0.425033 -0.885195 0.000000 0.846761 -0.385860 -0.366207 0.000000 -0.497212 -0.818815 -0.286918 0.000000 -0.367081 -0.064825 0.912293 1.000000
0.597077 0.798779 -0.073835 0.000000 0.029220 0.070326 0.997096 0.000000 0.801652 -0.597500 0.018650 0.000000 -1.321477 -0.788115 -1.457161 1.000000
0.525879 0.817125 0.236130 0.000000 0.333606 -0.453524 0.826452 0.000000 0.782406 -0.355839 -0.511097 0.000000 -1.121218 -0.879570 -1.472051 1.000000
0.690145 0.677144 -0.255296 0.000000 0.024240 0.330951 0.943337 0.000000 0.723265 -0.657227 0.211990 0.000000 -0.827943 -0.901154 -0.832665 1.000000
-0.477486 -0.725941 0.494992 0.000000 -0.448686 -0.282912 -0.847728 0.000000 0.755439 -0.626874 -0.190633 0.000000 -0.512698 0.168406 0.099742 1.000000
